ConcentratorQ1
19090246
19090253
19090247
19090267
19090250
19090248
19090270
19090268
19090251
19090266
19090256
19090241
19090252
19090265
19090269
19090249
ConcentratorQ2
19081428
1908119
19081439
19081420
19021422
19081415
19081429
ConcentratorQ3
19081090
19081103
19081106
19090264
19081107
19081421
19081426
19081412
19081413
19081433
19090255
19081437
19081434
19090281
19090262
19090245
19090244
19090261
19090258
19090263
19090257
19010128
19010135