ConcentratorQ1
19090246
19090253
19090247
19090267
19090250
19090248
19090270
19090268
19090251
19090266
19090256
19090241
19090252
19090265
19090269
19090249
ConcentratorQ2
19081428
1908119
19081439
19081420
19021422
19081415
19081429
ConcentratorQ3
19081090
19081103
19081106
19090264
19081107
19081421
19081426
19081412
19081413
19081433
19090255
19081437
19081434
19090281
19090262
19090245
19090244
19090261
19090258
19090263
19090257
19010128
19010135
ConcentratorQ4
19090300
19081096
19081104
19081101
19081108
19081105
19081099
19090280
ConcentratorQ5
19081093
19081081
19081092
19081098
19081100
19081102
19081089
19090277
19081084
19081085
19090292
19090294
19090274
19090276
19090299
19090297
19090260
19090271
19090289
19090273
19090285
19081082
ConcentratorQ6
19090298
19081430
19081411
19081417
19081414
19081440
19081435
19081436
19081438
19081416
ConcentratorQ7
19090254
19081198
19090296
19090287
19081192
19081181
19081179
19081193
19081191
19090279
19090278
19090283
ConcentratorQ8
19081183
19081200
19081188
19090291
19081175
19081199
19081195
19081194
19081197
19081186
19081176
19081190
19081189
19081184
19081187
ConcentratorQ9
19081140
19081118
19081119
19081432
19081117
ConcentratorQ10
19075426
19075418
19075424
19075410
19075414
19075408
19075411
ConcentratorQ11
19081116
19081133
19090275
19081112
19081124
19081115
18091120
19081123
19081136
19081111
19081126
19081132
19081127
19090282
19081139
19081114
19081130
19090286
19081131
19081134
19075402
19075413
ConcentratorQ12
19081425
19081431
19081418
19081419
19081427
19081423
19081122
19081125
19081121
19081135
19081138
19081137
ConcentratorQ13
19081128
19081113